multiprogram_4_megapage_ptw_ch128_mpage1024 299434132,300700002,300579800,299394153
multiprogram_4_megapage_ptw_ch128_mpage2048 299219044,300654701,300305832,299922314
multiprogram_4_megapage_ptw_ch128_mpage4096 299214613,300660002,300305861,299929508
multiprogram_4_megapage_ptw_ch128_mpage512 299729038,300129185,299795975,300450254
multiprogram_4_megapage_ptw_ch256_mpage1024 299464176,300682368,299760006,300194220
multiprogram_4_megapage_ptw_ch256_mpage2048 299210480,300660002,300315532,299918804
multiprogram_4_megapage_ptw_ch256_mpage256 467709016,132616114,467781677,131993874
multiprogram_4_megapage_ptw_ch256_mpage4096 299208187,300664416,300304457,299930005
multiprogram_4_megapage_ptw_ch256_mpage512 299674255,300960001,299800906,299663836
multiprogram_4_megapage_ptw_ch32_mpage1024 299468466,300683176,299760001,300199416
multiprogram_4_megapage_ptw_ch32_mpage2048 299200011,300653280,300318436,299930002
multiprogram_4_megapage_ptw_ch32_mpage256 474209057,125910658,474429565,125555495
multiprogram_4_megapage_ptw_ch32_mpage4096 299207653,300650004,300322953,299929141
multiprogram_4_megapage_ptw_ch32_mpage512 299455844,299897249,300563345,300190002
multiprogram_4_megapage_ptw_ch64_mpage1024 299199078,300678624,300308094,299928429
multiprogram_4_megapage_ptw_ch64_mpage2048 299213394,300666723,300300002,299924273
multiprogram_4_megapage_ptw_ch64_mpage256 487062813,113275226,487200001,112561983
multiprogram_4_megapage_ptw_ch64_mpage4096 299196710,300660002,300316995,299932992
multiprogram_4_megapage_ptw_ch64_mpage512 299732628,300130339,299780003,300454247
multiprogram_4_megapage_ptw_nompage 55387,300355812,300066625,300013345,299620011
