multiprogram_4_megapage_ptw_ch128_mpage1024 1.99690318047,2.0055561387,2.004752749,1.99684520142
multiprogram_4_megapage_ptw_ch128_mpage2048 1.99713323737,2.00692285809,2.00459382724,2.00203450931
multiprogram_4_megapage_ptw_ch128_mpage4096 1.99711928127,2.00697736142,2.00461138293,2.00209910323
multiprogram_4_megapage_ptw_ch128_mpage512 1.99713016327,2.00000453886,1.99778325689,2.00214338948
multiprogram_4_megapage_ptw_ch256_mpage1024 1.99729823346,2.00563137202,1.99948047993,2.00237526497
multiprogram_4_megapage_ptw_ch256_mpage2048 1.99707481619,2.00695992537,2.00465836289,2.00201230098
multiprogram_4_megapage_ptw_ch256_mpage256 2.01857040277,0.572391054787,2.01901872196,0.569706107516
multiprogram_4_megapage_ptw_ch256_mpage4096 1.99708416607,2.00701224386,2.00460988365,2.00211094575
multiprogram_4_megapage_ptw_ch256_mpage512 1.99680157635,2.00557853126,1.99785305939,1.99694087935
multiprogram_4_megapage_ptw_ch32_mpage1024 1.99608491372,2.00439021578,1.9982364181,2.00116496572
multiprogram_4_megapage_ptw_ch32_mpage2048 1.99598295749,2.00588744023,2.00365287915,2.00106206582
multiprogram_4_megapage_ptw_ch32_mpage256 2.01801456396,0.53585203392,2.01908554487,0.534341358906
multiprogram_4_megapage_ptw_ch32_mpage4096 1.99601099398,2.00584178779,2.00365935303,2.00103259743
multiprogram_4_megapage_ptw_ch32_mpage512 1.99605006737,1.99920021335,2.00364069198,2.00115102145
multiprogram_4_megapage_ptw_ch64_mpage1024 1.99595336397,2.00603291154,2.00356034524,2.00102605251
multiprogram_4_megapage_ptw_ch64_mpage2048 1.99681435788,2.00672135071,2.00427467331,2.00176728699
multiprogram_4_megapage_ptw_ch64_mpage256 2.01891067146,0.469563363786,2.01960877553,0.466607409718
multiprogram_4_megapage_ptw_ch64_mpage4096 1.99599997423,2.00597119142,2.00368278556,2.00112029835
multiprogram_4_megapage_ptw_ch64_mpage512 1.99686867367,1.99972814921,1.99739364754,2.00188551193
multiprogram_4_megapage_ptw_nompage 0.000162608875254,2.01786776957,2.01592537821,2.01556685802,2.01292563949
