traces_megapage_ptw_ch128_mpage1024.c 0.375618222885,0.383701955068,0.720920328769,0.708018423878
traces_megapage_ptw_ch128_mpage2048.c 0.378655570595,0.386873688631,0.721522155104,0.711994161431
traces_megapage_ptw_ch128_mpage256.c 0.37581452316,0.384096224844,0.720423396576,0.706395845512
traces_megapage_ptw_ch128_mpage4096.c 0.377081112436,0.385266513445,0.721654827173,0.710352101882
traces_megapage_ptw_ch128_mpage512.c 0.375409040538,0.383561043698,0.721270483042,0.708803441564
traces_megapage_ptw_ch256_mpage2048.c 0.37864013589,0.386873588501,0.72079468064,0.711772237354
traces_megapage_ptw_ch256_mpage256.c 0.375758507054,0.38382337315,0.719904241022,0.707040728234
traces_megapage_ptw_ch256_mpage4096.c 0.376906155493,0.385010943775,0.720979790463,0.710968244669
traces_megapage_ptw_ch256_mpage512.c 0.375644712238,0.384000268492,0.720975735945,0.711504993777
traces_megapage_ptw_ch32_mpage1024.c 0.375676490004,0.383497741536,0.721160938786,0.708657922524
traces_megapage_ptw_ch32_mpage2048.c 0.378646796206,0.386924672159,0.720520568526,0.711630047095
traces_megapage_ptw_ch32_mpage256.c 0.375814503249,0.384017483528,0.721909477565,0.707414364757
traces_megapage_ptw_ch32_mpage4096.c 0.376917210236,0.385338291621,0.720721743758,0.707471550172
traces_megapage_ptw_ch32_mpage512.c 0.375875770504,0.38355047017,0.720752807662,0.709833755143
traces_megapage_ptw_ch64_mpage1024.c 0.375966172147,0.383823626561,0.721194745191,0.711046230697
traces_megapage_ptw_ch64_mpage2048.c 0.378423964548,0.386702113012,0.720882494616,0.712202035228
traces_megapage_ptw_ch64_mpage256.c 0.376033374436,0.384204711126,0.720592114631,0.707817928772
traces_megapage_ptw_ch64_mpage4096.c 0.376832536775,0.385403353547,0.720974384449,0.708462057564
traces_megapage_ptw_ch64_mpage512.c 0.375694321997,0.383934185902,0.721454484065,0.709121245002
